
-0.000000
-0.006216
-0.012318
-0.018301
-0.024159
-0.029887
-0.035478
-0.040927
-0.046228
-0.051373
-0.056356
-0.061171
-0.065809
-0.070265
-0.074530
-0.078596
-0.082456
-0.086101
-0.089523
-0.092712
-0.095659
-0.098354
-0.100787
-0.102948
-0.104826
-0.106409
-0.107685
-0.108642
-0.109266
-0.109544
-0.109462
-0.109005
-0.108156
-0.106899
-0.105216
-0.103089
-0.100499
-0.097424
-0.093843
-0.089732
-0.085067
-0.079822
-0.073970
-0.067479
-0.060320
-0.052458
-0.043857
-0.034479
-0.024281
-0.013220
-0.001248
0.011687
0.025641
0.040675
0.056853
0.074248
0.092936
0.113001
0.134537
0.157644
0.182434
0.209027
0.237560
0.268180
0.301054
0.336366
0.374320
0.415146
0.459104
0.506483
0.557613
0.612870
0.672679
0.737531
0.807991
0.884713
0.968458
1.060120
1.160751
1.271605
1.394181
1.530292
1.682147
1.852470
2.044658
2.263000
2.512995
2.801804
3.138941
3.537312
4.014889
4.597454
5.323365
6.252293
7.482401
9.187366
11.706267
15.802033
23.624737
44.491354
274.058356
-70.300142
-32.041391
-21.112281
-15.936661
-12.918504
-10.941803
-9.547023
-8.510290
-7.709490
-7.072350
-6.553366
-6.122460
-5.758950
-5.448152
-5.179350
-4.944538
-4.737620
-4.553867
-4.389559
-4.241724
-4.107964
-3.986320
-3.875177
-3.773193
-3.679239
-3.592363
-3.511756
-3.436725
-3.366671
-3.301078
-3.239497
-3.181534
-3.126844
-3.075122
-3.026100
-2.979539
-2.935225
-2.892967
-2.852595
-2.813956
-2.776911
-2.741334
-2.707113
-2.674144
-2.642334
-2.611597
-2.581855
-2.553036
-2.525076
-2.497913
-2.471492
-2.445762
-2.420677
-2.396191
-2.372266
-2.348864
-2.325949
-2.303491
-2.281458
-2.259824
-2.238562
-2.217647
-2.197059
-2.176774
-2.156774
-2.137040
-2.117555
-2.098303
-2.079269
-2.060438
-2.041797
-2.023333
-2.005036
-1.986893
-1.968895
-1.951032
-1.933295
-1.915675
-1.898163
-1.880754
-1.863438
-1.846210
-1.829064
-1.811993
-1.794992
-1.778055
-1.761179
-1.744357
-1.727587
-1.710864
-1.694184
-1.677545
-1.660942
-1.644374
-1.627839
-1.611335
-1.594865
-1.578436
-1.562086
-1.546255
-1.528438
-1.512388
-1.496082
-1.479742
-1.463398
-1.447055
-1.430718
-1.414385
-1.398057
-1.381734
-1.365416
-1.349102
-1.332791
-1.316485
-1.300182
-1.283882
-1.267585
-1.251292
-1.235002
-1.218716
-1.202433
-1.186154
-1.169880
-1.153610
-1.137345
-1.121085
-1.104832
-1.088585
-1.072345
-1.056113
-1.039890
-1.023675
-1.007471
-0.991278
-0.975097
-0.958928
-0.942773
-0.926632
-0.910507
-0.894398
-0.878308
-0.862235
-0.846183
-0.830152
-0.814142
-0.798156
-0.782195
-0.766259
-0.750350
-0.734469
-0.718618
-0.702798
-0.687010
-0.671255
-0.655535
-0.639851
-0.624205
-0.608598
-0.593031
-0.577506
-0.562024
-0.546586
-0.531195
-0.515851
-0.500556
-0.485311
-0.470118
-0.454979
-0.439894
-0.424865
-0.409895
-0.394983
-0.380133
-0.365344
-0.350620
-0.335960
-0.321367
-0.306843
-0.292388
-0.278004
-0.263693
-0.249457
-0.235296
-0.221212
-0.207206
-0.193281
-0.179438
-0.165677
-0.152001
-0.138411
-0.124909
-0.111495
-0.098172
-0.084941
-0.071803
-0.058760
-0.045814
-0.032968
-0.020228
-0.007629
0.005137
0.017494
0.029823
0.042056
0.054185
0.066207
0.078121
0.089924
0.101616
0.113195
0.124660
0.136009
0.147241
0.158356
0.169352
0.180227
0.190981
0.201612
0.212119
0.222502
0.232759
0.242889
0.252891
0.262764
0.272507
0.282119
0.291599
0.300946
0.310159
0.319237
0.328180
0.336986
0.345655
0.354185
0.362576
0.370828
0.378939
0.386908
0.394735
0.402419
0.409960
0.417356
0.424608
0.431714
0.438674
0.445487
0.452153
0.458671
0.465041
0.471262
0.477334
0.483256
0.489028
0.494649
0.500119
0.505439
0.510606
0.515622
0.520486
0.525197
0.529755
0.534161
0.538414
0.542514
0.546460
0.550253
0.553892
0.557378
0.560710
0.563889
0.566914
0.569786
0.572504
0.575070
0.577481
0.579740
0.581846
0.583800
0.585601
0.587250
0.588747
0.590093
0.591287
0.592330
0.593224
0.593967
0.594560
0.595004
0.595300
0.595447
0.595447
0.595300
0.595007
0.594567
0.593982
0.593252
0.592377
0.591357
0.590189
0.588849
0.587789
0.585959
0.584219
0.582356
0.580360
0.578230
0.575965
0.573567
0.571037
0.568375
0.565582
0.562660
0.559609
0.556431
0.553127
0.549698
0.546145
0.542470
0.538675
0.534759
0.530725
0.526574
0.522308
0.517927
0.513434
0.508830
0.504116
0.499294
0.494366
0.489333
0.484197
0.478959
0.473622
0.468186
0.462654
0.457028
0.451309
0.445499
0.439600
0.433614
0.427542
0.421388
0.415152
0.408837
0.402445
0.395977
0.389437
0.382826
0.376145
0.369399
0.362588
0.355715
0.348782
0.341792
0.334747
0.327649
0.320500
0.313304
0.306063
0.298778
0.291454
0.284091
0.276694
0.269264
0.261805
0.254318
0.246807
0.239275
0.231725
0.224159
0.216580
0.208991
0.201396
0.193797
0.186197
0.178601
0.171010
0.163428
0.155859
0.148306
0.140772
0.133261
0.125776
0.118321
0.110899
0.103515
0.096172
0.088874
0.081625
0.074429
0.067290
0.060212
0.053200
0.046258
0.039389
0.032600
0.025894
0.019276
0.012751
0.000000