0.338307
-0.440354
0.000660
0.441663
-0.337033
-0.182228
0.477779
-0.182401
-0.337374
0.441158
0.000000
-0.441158
0.337374
0.182401
-0.477779
0.182228
0.337033
-0.441663
-0.000660
0.440354
-0.338307
-0.183448
0.476636
-0.183448
-0.338307
0.440354
-0.000660
-0.441663
0.337033
0.182228
-0.477779
0.182401
0.337374
-0.441158
-0.000000
0.441158
-0.337374
-0.182401
0.477779
-0.182228
-0.337033
0.441663
0.000660
-0.440354
0.338307
0.183448
-0.476636
0.183448
0.338307
-0.440354
0.000660
0.441663
-0.337033
-0.182228
0.477779
-0.182401
-0.337374
0.441158
0.000000
-0.441158
0.337374
0.182401
-0.477779
0.182228
0.337033
-0.441663
-0.000660
0.440354
-0.338307
-0.183448
0.476636
-0.183448
-0.338307
0.440354
-0.000660
-0.441663
0.337033
0.182228
-0.477779
0.182401
0.337374
-0.441158
-0.000000
0.441158
-0.337374
-0.182401
0.477779
-0.182228
-0.337033
0.441663
0.000660
-0.440354
0.338307
0.183448
-0.476636
0.183448
0.338307
-0.440354
0.000660
0.441663
-0.337033
-0.182228
0.477779
-0.182401
-0.337374
0.441158
0.000000
-0.441158
0.337374
0.182401
-0.477779
0.182228
0.337033
-0.441663
-0.000660
0.440354
-0.338307
-0.183448
0.476636
-0.183448
-0.338307
0.440354
-0.000660
-0.441663
0.337033
0.182228
-0.477779
0.182401
0.337374
-0.441158
-0.000000
0.441158
-0.337374
-0.182401
0.477779
-0.182228
-0.337033
0.441663
0.000660
-0.440354
0.338307
0.183448
-0.476636
0.183448
0.338307
-0.440354
0.000660
0.441663
-0.337033
-0.182228
0.477779
-0.182401
-0.337374
0.441158
0.000000
-0.441158
0.337374
0.182401
-0.477779
0.182228
0.337033
-0.441663
-0.000660
0.440354
-0.338307
-0.183448
0.476636
-0.183448
-0.338307
0.440354
-0.000660
-0.441663
0.337033
0.182228
-0.477779
0.182401
0.337374
-0.441158
-0.000000
0.441158
-0.337374
-0.182401
0.477779
-0.182228
-0.337033
0.441663
0.000660
-0.440354
0.338307
0.183448
-0.476636
0.183448
0.338307
-0.440354
0.000660
0.441663
-0.337033
-0.182228
0.477779
-0.182401
-0.337374
0.441158
0.000000
-0.441158
0.337374
0.182401
-0.477779
0.182228
0.337033
-0.441663
-0.000660
0.440354
-0.338307
-0.183448
0.476636
-0.183448
-0.338307
0.440354
-0.000660
-0.441663
0.337033
0.182228
-0.477779
0.182401
0.337374
-0.441158
-0.000000
0.441158
-0.337374
-0.182401
0.477779
-0.182228
-0.337033
0.441663
0.000660
-0.440354
0.338307
0.183448
-0.476636
0.183448
0.338307
-0.440354
0.000660
0.441663
-0.337033
-0.182228
0.477779
-0.182401
-0.337374
0.441158
0.000000
-0.441158
0.337374
0.182401
-0.477779
0.182228
0.337033
-0.441663
-0.000660
0.440354
-0.338307
-0.183448
0.476636
-0.183448
-0.338307
0.440354
-0.000660
-0.441663
0.337033
0.182228
-0.477779
0.182401
0.337374
-0.441158
-0.000000
0.441158
-0.337374
-0.182401
0.477779
-0.182228
-0.337033
0.441663
0.000660
-0.440354
0.338307
0.183448
-0.476636
0.183448
0.338307
-0.440354
0.000660
0.441663
