
0.017956
0.315389
-0.029411
0.114827
0.517956
0.227866
0.194733
0.646802
0.450969
0.250126
0.677696
0.610549
0.267956
0.610549
0.677696
0.250126
0.450969
0.646802
0.194733
0.227866
0.517956
0.114827
-0.029411
0.315389
0.017956
-0.277077
0.065323
-0.076515
-0.482044
-0.189554
-0.158821
-0.608491
-0.415057
-0.211814
-0.641783
-0.572238
-0.232044
-0.572238
-0.641783
-0.211814
-0.415057
-0.608491
-0.158821
-0.189554
-0.482044
-0.076515
0.065323
-0.277077
0.017956
0.315389
-0.029411
0.114827
0.517956
0.227866
0.194733
0.646802
0.450969
0.250126
0.677696
0.610549
0.267956
0.610549
0.677696
0.250126
0.450969
0.646802
0.194733
0.227866
0.517956
0.114827
-0.029411
0.315389
0.017956
-0.277077
0.065323
-0.076515
-0.482044
-0.189554
-0.158821
-0.608491
-0.415057
-0.211814
-0.641783
-0.572238
-0.232044
-0.572238
-0.641783
-0.211814
-0.415057
-0.608491
-0.158821
-0.189554
-0.482044
-0.076515
0.065323
-0.277077
0.017956
0.315389
-0.029411
0.114827
0.517956
0.227866
0.194733
0.646802
0.450969
0.250126
0.677696
0.610549
0.267956
0.610549
0.677696
0.250126
0.450969
0.646802
0.194733
0.227866
0.517956
0.114827
-0.029411
0.315389
0.017956
-0.277077
0.065323
-0.076515
-0.482044
-0.189554
-0.158821
-0.608491
-0.415057
-0.211814
-0.641783
-0.572238
-0.232044
-0.572238
-0.641783
-0.211814
-0.415057
-0.608491
-0.158821
-0.189554
-0.482044
-0.076515
0.065323
-0.277077
0.017956
0.315389
-0.029411
0.114827
0.517956
0.227866
0.194733
0.646802
0.450969
0.250126
0.677696
0.610549
0.267956
0.610549
0.677696
0.250126
0.450969
0.646802
0.194733
0.227866
0.517956
0.114827
-0.029411
0.315389
0.017956
-0.277077
0.065323
-0.076515
-0.482044
-0.189554
-0.158821
-0.608491
-0.415057
-0.211814
-0.641783
-0.572238
-0.232044
-0.572238
-0.641783
-0.211814
-0.415057
-0.608491
-0.158821
-0.189554
-0.482044
-0.076515
0.065323
-0.277077
0.017956
0.315389
-0.029411
0.114827
0.517956
0.227866
0.194733
0.646802
0.450969
0.250126
0.677696
0.610549
0.267956
0.610549
0.677696
0.250126
0.450969
0.646802
0.194733
0.227866
0.517956
0.114827
-0.029411
0.315389
0.017956
-0.277077
0.065323
-0.076515
-0.482044
-0.189554
-0.158821
-0.608491
-0.415057
-0.211814
-0.641783
-0.572238
-0.232044
-0.572238
-0.641783
-0.211814
-0.415057
-0.608491
-0.158821
-0.189554
-0.482044
-0.076515
0.065323
-0.277077
0.017956
0.315389
-0.029411
0.114827
0.517956
0.227866
0.194733
0.646802
0.450969
0.250126
0.677696
0.610549
0.267956
0.610549
0.677696
0.250126
0.450969
0.646802
0.194733
0.227866
0.517956
0.114827
-0.029411
0.315389
0.017956
-0.277077
0.065323
-0.076515
-0.482044
-0.189554
-0.158821
-0.608491
-0.415057
-0.211814
-0.641783
-0.572238
-0.232044
-0.572238
-0.641783
-0.211814
-0.415057
-0.608491
-0.158821
-0.189554
-0.482044
-0.076515
0.065323
-0.277077
0.017956
0.315389
-0.029411
0.114827
0.517956
0.227866
0.194733
0.646802
0.450969
0.250126
0.677696
0.610549
0.267956
0.610549
0.677696
0.250126
0.450969
0.646802
0.194733
0.227866
0.517956
0.114827
-0.029411
0.315389
0.017956
-0.277077
0.065323
-0.076515
-0.482044
-0.189554
-0.158821
-0.608491