
0.958105
0.917140
0.823907
0.754006
0.679131
0.549140
0.435115
0.337730
0.190771
0.049983
-0.055087
-0.196641
-0.342760
-0.439517
-0.554117
-0.683320
-0.757035
-0.827233
-0.919850
-0.959301
-0.974410
-1.016342
-1.015523
-0.973242
-0.958105
-0.917140
-0.823907
-0.754006
-0.679131
-0.549140
-0.435115
-0.337730
-0.190771
-0.049983
0.055087
0.196641
0.342760
0.439517
0.554117
0.683320
0.757035
0.827233
0.919850
0.959301
0.974410
1.016342
1.015523
0.973242
0.958105
0.917140
0.823907
0.754006
0.679131
0.549140
0.435115
0.337730
0.190771
0.049983
-0.055087
-0.196641
-0.342760
-0.439517
-0.554117
-0.683320
-0.757035
-0.827233
-0.919850
-0.959301
-0.974410
-1.016342
-1.015523
-0.973242
-0.958105
-0.917140
-0.823907
-0.754006
-0.679131
-0.549140
-0.435115
-0.337730
-0.190771
-0.049983
0.055087
0.196641
0.342760
0.439517
0.554117
0.683320
0.757035
0.827233
0.919850
0.959301
0.974410
1.016342
1.015523
0.973242
0.958105
0.917140
0.823907
0.754006
0.679131
0.549140
0.435115
0.337730
0.190771
0.049983
-0.055087
-0.196641
-0.342760
-0.439517
-0.554117
-0.683320
-0.757035
-0.827233
-0.919850
-0.959301
-0.974410
-1.016342
-1.015523
-0.973242
-0.958105
-0.917140
-0.823907
-0.754006
-0.679131
-0.549140
-0.435115
-0.337730
-0.190771
-0.049983
0.055087
0.196641
0.342760
0.439517
0.554117
0.683320
0.757035
0.827233
0.919850
0.959301
0.974410
1.016342
1.015523
0.973242
0.958105
0.917140
0.823907
0.754006
0.679131
0.549140
0.435115
0.337730
0.190771
0.049983
-0.055087
-0.196641
-0.342760
-0.439517
-0.554117
-0.683320
-0.757035
-0.827233
-0.919850
-0.959301
-0.974410
-1.016342
-1.015523
-0.973242
-0.958105
-0.917140
-0.823907
-0.754006
-0.679131
-0.549140
-0.435115
-0.337730
-0.190771
-0.049983
0.055087
0.196641
0.342760
0.439517
0.554117
0.683320
0.757035
0.827233
0.919850
0.959301
0.974410
1.016342
1.015523
0.973242
0.958105
0.917140
0.823907
0.754006
0.679131
0.549140
0.435115
0.337730
0.190771
0.049983
-0.055087
-0.196641
-0.342760
-0.439517
-0.554117
-0.683320
-0.757035
-0.827233
-0.919850
-0.959301
-0.974410
-1.016342
-1.015523
-0.973242
-0.958105
-0.917140
-0.823907
-0.754006
-0.679131
-0.549140
-0.435115
-0.337730
-0.190771
-0.049983
0.055087
0.196641
0.342760
0.439517
0.554117
0.683320
0.757035
0.827233
0.919850
0.959301
0.974410
1.016342
1.015523
0.973242
0.958105
0.917140
0.823907
0.754006
0.679131
0.549140
0.435115
0.337730
0.190771
0.049983
-0.055087
-0.196641
-0.342760
-0.439517
-0.554117
-0.683320
-0.757035
-0.827233
-0.919850
-0.959301
-0.974410
-1.016342
-1.015523
-0.973242
-0.958105
-0.917140
-0.823907
-0.754006
-0.679131
-0.549140
-0.435115
-0.337730
-0.190771
-0.049983
0.055087
0.196641
0.342760
0.439517
0.554117
0.683320
0.757035
0.827233
0.919850
0.959301
0.974410
1.016342
1.015523
0.973242
0.958105
0.917140
0.823907