
0.025701
0.024120
0.026760
0.025179
0.027820
0.026239
0.028879
0.027298
0.029938
0.046189
0.066662
0.082910
0.103386
0.119635
0.140106
0.156360
0.176831
0.193080
0.176831
0.156360
0.140106
0.119635
0.103386
0.082910
0.066662
0.046189
0.029938
0.027475
0.029232
0.026768
0.028526
0.026062
0.027820
0.025356
0.027113
0.024650
0.026407
0.023944
0.025701
-0.024432
-0.070344
-0.120480
-0.011022
0.094210
0.203666
0.308900
0.418356
0.523590
0.394346
0.260880
0.131631
-0.001833
-0.131079
-0.264545
-0.393789
-0.256070
-0.114129
0.023590
0.026069
0.024327
0.026806
0.025064
0.027543
0.025801
0.028280
0.026538
0.029017
0.027275
0.029754
0.028012
0.030491
0.028749
0.031228
0.029486
0.031965
0.030223
0.032702
0.030959
0.033439
0.031696
0.034176
0.041010
0.052067
0.058901
0.069957
0.076790
0.087846
0.094680
0.105741
0.112575
0.106631
0.096470
0.090531
0.080370
0.074430
0.064268
0.058328
0.048167
0.042227
0.032065
0.032481
0.028675
0.029091
0.025285
0.025701
0.023590
0.025701
0.023590
0.025701
0.023590
0.025701
0.023590
0.025701
0.023590
0.025701
0.023590
0.025701
0.023590
0.025701
0.023590
0.025701
0.023590
0.025701
0.023590
0.025701
0.023590
0.025701
0.023590
0.025701
0.024120
0.026760
0.025179
0.027820
0.026239
0.028879
0.027298
0.029938
0.046189
0.066662
0.082910
0.103386
0.119635
0.140106
0.156360
0.176831
0.193080
0.176831
0.156360
0.140106
0.119635
0.103386
0.082910
0.066662
0.046189
0.029938
0.027475
0.029232
0.026768
0.028526
0.026062
0.027820
0.025356
0.027113
0.024650
0.026407
0.023944
0.025701
-0.024432
-0.070344
-0.120480
-0.011022
0.094210
0.203666
0.308900
0.418356
0.523590
0.394346
0.260880
0.131631
-0.001833
-0.131079
-0.264545
-0.393789
-0.256070
-0.114129
0.023590
0.026069
0.024327
0.026806
0.025064
0.027543
0.025801
0.028280
0.026538
0.029017
0.027275
0.029754
0.028012
0.030491
0.028749
0.031228
0.029486
0.031965
0.030223
0.032702
0.030959
0.033439
0.031696
0.034176
0.041010
0.052067
0.058901
0.069957
0.076790
0.087846
0.094680
0.105741
0.112575
0.106631
0.096470
0.090531
0.080370
0.074430
0.064268
0.058328
0.048167
0.042227
0.032065
0.032481
0.028675
0.029091
0.025285
0.025701
0.023590
0.025701
0.023590
0.025701
0.023590
0.025701
0.023590
0.025701
0.023590
0.025701
0.023590
0.025701
0.023590
0.025701
0.023590
0.025701
0.023590
0.025701
0.023590
0.025701
0.023590
0.025701
0.023590
0.025701
0.024120
0.026760
0.025179
0.027820
0.026239
0.028879
0.027298
0.029938
0.046189
0.066662
0.082910
0.103386
0.119635
0.140106
0.156360
0.176831
0.193080
0.176831
0.156360
0.140106
0.119635
0.103386
0.082910
0.066662
0.046189
0.029938
0.027475
0.029232
0.026768
0.028526
0.026062
0.027820
0.025356
0.027113
0.024650
0.026407
0.023944
0.025701
-0.024432
-0.070344
-0.120480
-0.011022
0.094210
0.203666
0.308900
0.418356
0.523590
0.394346
0.260880
0.131631
-0.001833
-0.131079
-0.264545
-0.393789
-0.256070
-0.114129
0.023590
0.026069
0.024327
0.026806
0.025064
0.027543
0.025801
0.028280
0.026538
0.029017
0.027275
0.029754
0.028012
0.030491
0.028749
0.031228
0.029486
0.031965
0.030223
0.032702
0.030959
0.033439
0.031696
0.034176
0.041010
0.052067
0.058901
0.069957
0.076790
0.087846
0.094680
0.105741
0.112575
0.106631
0.096470
0.090531
0.080370
0.074430
0.064268
0.058328
0.048167
0.042227
0.032065
0.032481
0.028675
0.029091
0.025285
0.025701
0.023590
0.025701
0.023590
0.025701
0.023590
0.025701
0.023590
0.025701
0.023590
0.025701
0.023590
0.025701
0.023590
0.025701
0.023590
0.025701
0.023590
0.025701
0.023590
0.025701
0.023590
0.025701
0.023590
0.025701
0.024120
0.026760
0.025179
0.027820
0.026239
0.028879
0.027298
0.029938
0.046189
0.066662
0.082910
0.103386
0.119635
0.140106
0.156360
0.176831
0.193080
0.176831
0.156360
0.140106
0.119635
0.103386
0.082910
0.066662
0.046189
0.029938
0.027475
0.029232
0.026768
0.028526
0.026062
0.027820
0.025356
0.027113
0.024650
0.026407
0.023944
0.025701
-0.024432
-0.070344
-0.120480
-0.011022
0.094210
0.203666
0.308900
0.418356
0.523590
0.394346
0.260880
0.131631
-0.001833
-0.131079
-0.264545
-0.393789
-0.256070
-0.114129
0.023590
0.026069
0.024327
0.026806
0.025064
0.027543
0.025801
0.028280
0.026538
0.029017
0.027275
0.029754
0.028012
0.030491
0.028749
0.031228
0.029486
0.031965
0.030223
0.032702
0.030959
0.033439
0.031696
0.034176
0.041010
0.052067
0.058901
0.069957
0.076790
0.087846
0.094680
0.105741
0.112575
0.106631
0.096470
0.090531
0.080370
0.074430
0.064268
0.058328
0.048167
0.042227
0.032065
0.032481
0.028675
0.029091
0.025285
0.025701
0.023590
0.025701
0.023590
0.025701
0.023590
0.025701
0.023590
0.025701
0.023590
0.025701
0.023590
0.025701
0.023590
0.025701
0.023590
0.025701
0.023590
0.025701
0.023590
0.025701
0.023590
0.025701
0.023590
0.025701
0.024120
0.026760
0.025179
0.027820
0.026239
0.028879
0.027298
0.029938
0.046189
0.066662
0.082910
0.103386
0.119635
0.140106
0.156360
0.176831
0.193080
0.176831
0.156360
0.140106
0.119635
0.103386
0.082910
0.066662
0.046189
0.029938
0.027475
0.029232
0.026768
0.028526
0.026062
0.027820
0.025356
0.027113
0.024650
0.026407
0.023944
0.025701
-0.024432
-0.070344
-0.120480
-0.011022
0.094210
0.203666
0.308900
0.418356
0.523590
0.394346
0.260880
0.131631
-0.001833
-0.131079
-0.264545
-0.393789
-0.256070
-0.114129
0.023590
0.026069
0.024327
0.026806
0.025064
0.027543
0.025801
0.028280
0.026538
0.029017
0.027275
0.029754
0.028012
0.030491
0.028749
0.031228
0.029486
0.031965
0.030223
0.032702
0.030959
0.033439
0.031696
0.034176
0.041010
0.052067
0.058901
0.069957
0.076790
0.087846
0.094680
0.105741
0.112575
0.106631
0.096470
0.090531
0.080370
0.074430
0.064268
0.058328
0.048167
0.042227
0.032065
0.032481
0.028675
0.029091
0.025285
0.025701
0.023590
0.025701
0.023590
0.025701
0.023590
0.025701
0.023590
0.025701
0.023590
0.025701
0.023590
0.025701
0.023590
0.025701
0.023590
0.025701
0.023590
0.025701
0.023590
0.025701
0.023590
0.025701
0.023590